500
5 0 12 12 7 25 30 30 1 1 2 2 49 50 13 13 20 20 20 4 4 4 10 10 10 5 0 12 12 7 25 30 30 1 1 2 2 49 50 13 13 20 20 20 4 4 4 10 10 10 5 0 12 12 7 25 30 30 1 1 2 2 49 50 13 13 20 20 20 4 4 4 10 10 10 5 0 12 12 7 25 30 30 1 1 2 2 49 50 13 13 20 20 20 4 4 4 10 10 10 5 0 12 12 7 25 30 30 1 1 2 2 49 50 13 13 20 20 20 4 4 4 10 10 10 5 0 12 12 7 25 30 30 1 1 2 2 49 50 13 13 20 20 20 4 4 4 10 10 10 5 0 12 12 7 25 30 30 1 1 2 2 49 50 13 13 20 20 20 4 4 4 10 10 10 5 0 12 12 7 25 30 30 1 1 2 2 49 50 13 13 20 20 20 4 4 4 10 10 10 5 0 12 12 7 25 30 30 1 1 2 2 49 50 13 13 20 20 20 4 4 4 10 10 10 5 0 12 12 7 25 30 30 1 1 2 2 49 50 13 13 20 20 20 4 4 4 10 10 10 5 0 12 12 7 25 30 30 1 1 2 2 49 50 13 13 20 20 20 4 4 4 10 10 10 5 0 12 12 7 25 30 30 1 1 2 2 49 50 13 13 20 20 20 4 4 4 10 10 10 5 0 12 12 7 25 30 30 1 1 2 2 49 50 13 13 20 20 20 4 4 4 10 10 10 5 0 12 12 7 25 30 30 1 1 2 2 49 50 13 13 20 20 20 4 4 4 10 10 10 5 0 12 12 7 25 30 30 1 1 2 2 49 50 13 13 20 20 20 4 4 4 10 10 10 5 0 12 12 7 25 30 30 1 1 2 2 49 50 13 13 20 20 20 4 4 4 10 10 10 5 0 12 12 7 25 30 30 1 1 2 2 49 50 13 13 20 20 20 4 4 4 10 10 10 5 0 12 12 7 25 30 30 1 1 2 2 49 50 13 13 20 20 20 4 4 4 10 10 10 5 0 12 12 7 25 30 30 1 1 2 2 49 50 13 13 20 20 20 4 4 4 10 10 10 5 0 12 12 7 25 30 30 1 1 2 2 49 50 13 13 20 20 20 4 4 4 10 10 10
10
0
5
12
20
30
10
4
49
50
3
